name: v1_model
nrCond: 6
names: monkey,lemur,mallard,warbler,ladybug,lunamoth 
matrix:
     0    0.6099    1.5463    0.8879    1.4972    1.0649
0.6099         0    1.5024    0.9785    1.4228    1.1786
1.5463    1.5024         0    1.4288    0.6442    1.3539
0.8879    0.9785    1.4288         0    1.4713    1.0384
1.4972    1.4228    0.6442    1.4713         0    1.2462
1.0649    1.1786    1.3539    1.0384    1.2462         0
